period,order_quantity
1,140
2,170
3,135
4,125
5,130
6,141
7,122
8,165
9,140
10,120
11,90
12,160
13,140
14,70
15,70
16,143
17,100
18,140
19,120
20,90
21,130
22,130
23,80
24,85
25,85
26,100
27,90
28,105
29,85
30,70
31,100
32,60
33,40
34,70
35,90
36,85
37,85
38,100
39,85
40,105
41,85
42,95
43,70
44,85
45,85
46,30
47,35
48,30
49,80
50,60
